[Schedule]
1 = [1c 1d]
2 = [3c 1d]
3 = [1c 1d]

[CurrentBrew]
brewstarttime = 2021-11-13 10:12:17.214465
temp1 = 1
timer1 = 2021-11-14 10:12:17.214465
temp2 = 3
timer2 = 2021-11-15 10:12:17.214465
temp3 = 1
timer3 = 2021-11-16 10:12:17.214465
currentstep = 1

